112
178
304
45
442
48
33
438
315
193
391
301
462
129
135
458
5
52
455
174
308
219
247
65
305
159
319
324
95
390
432
373
332
217
352
386
86
276
31
185
332
482
232
96
333
94
335
57
172
441
374
254
86
244
66
104
304
355
215
234
17
174
276
369
334
37
14
316
472
192
142
238
171
200
374
417
157
424
229
481
43
11
462
313
323
478
288
231
350
123
153
450
78
297
241
316
445
60
58
122
384
167
61
266
183
190
160
55
163
145
339
42
200
117
244
428
268
105
404
372
330
166
183
183
101
287
338
272
30
131
149
363
408
333
397
88
385
338
138
481
85
8
354
204
82
211
259
47
233
395
429
437
490
66
445
252
348
486
1
197
319
438
82
249
487
15
236
105
477
454
477
407
91
391
241
15
333
227
36
94
55
445
98
249
214
225
434
371
218
463
222
16
436
420
295
132
76
103
122
490
98
170
141
51
272
326
417
58
198
361
48
267
189
485
271
159
288
309
147
425
314
255
26
275
228
43
78
244
51
37
83
298
386
276
193
476
238
189
166
313
104
172
256
480
139
406
164
71
271
414
397
473
327
410
107
353
159
417
219
354
139
456
302
492
95
391
102
359
275
278
419
385
360
221
72
354
107
274
203
315
270
56
398
150
301
230
144
226
124
3
408
373
487
52
183
194
295
414
354
255
321
476
8
423
16
219
91
78
186
315
468
90
379
302
375
142
380
369
401
401
448
448
384
122
485
428
355
166
59
214
214
297
90
291
141
297
335
462
89
421
324
297
283
109
129
374
192
372
402
500
6
256
84
300
198
124
271
89
449
4
378
412
414
398
108
374
431
234
75
489
113
133
187
333
140
428
17
101
499
122
349
290
216
217
83
312
188
310
91
366
487
211
42
289
400
241
52
208
484
332
259
362
41
368
389
55
15
478
500
353
116
422
52
491
137
360
4
403
38
303
105
373
81
130
24
175
115
98
255
167
200
102
406
440
125
388
3
290
446
412
2
409
293
13
103
69
113
216
302
35
394
403
3
393
167
428
479
402
73
148
93
173
311
492
358
211
479
79
383
392
499
321
239
114
478
106
305
287
460
194
409
489
253
390
241
271
342
89
11
291
85
203
6
65
298
441
152
309
473
215
